MAFFT
    1: 6WX6_A          100.00   99.43   96.57   87.00   82.84   81.37   76.96   85.71   75.98   79.31
     2: NP_000137.2      99.43  100.00   97.14   97.14   95.43   93.14   88.57   86.29   87.43   90.29
     3: NP_001248136.1   96.57   97.14  100.00   98.86   93.14   92.57   89.71   86.86   88.00   90.29
     4: XP_050637471.1   87.00   97.14   98.86  100.00   90.71   80.97   76.58   86.86   76.13   81.53
     5: XP_063457319.1   82.84   95.43   93.14   90.71  100.00   58.24   69.03   82.29   61.98   69.31
     6: KAL0609835.1     81.37   93.14   92.57   80.97   58.24  100.00   74.03   88.00   76.90   67.75
     7: VCX39883.1       76.96   88.57   89.71   76.58   69.03   74.03  100.00   92.57   83.55   79.56
     8: NP_001231060.1   85.71   86.29   86.86   86.86   82.29   88.00   92.57  100.00   92.57   89.71
     9: XP_032341478.1   75.98   87.43   88.00   76.13   61.98   76.90   83.55   92.57  100.00   72.63
    10: XP_008567556.1   79.31   90.29   90.29   81.53   69.31   67.75   79.56   89.71   72.63  100.00


MUSCLE

     1: XP_032341478.1  100.00   82.25   92.57   68.07   73.46   58.33   75.61   87.43   75.46   88.00
     2: VCX39883.1       82.25  100.00   92.57   80.37   71.86   73.06   77.56   88.57   78.24   89.71
     3: NP_001231060.1   92.57   92.57  100.00   89.71   88.00   82.29   85.71   86.29   86.86   86.86
     4: XP_008567556.1   68.07   80.37   89.71  100.00   60.07   64.65   77.18   90.29   80.91   90.29
     5: KAL0609835.1     73.46   71.86   88.00   60.07  100.00   43.69   81.64   93.14   78.08   92.57
     6: XP_063457319.1   58.33   73.06   82.29   64.65   43.69  100.00   80.68   95.43   91.36   93.14
     7: 6WX6_A           75.61   77.56   85.71   77.18   81.64   80.68  100.00   99.43   82.13   96.57
     8: NP_000137.2      87.43   88.57   86.29   90.29   93.14   95.43   99.43  100.00   97.14   97.14
     9: XP_050637471.1   75.46   78.24   86.86   80.91   78.08   91.36   82.13   97.14  100.00   98.86
    10: NP_001248136.1   88.00   89.71   86.86   90.29   92.57   93.14   96.57   97.14   98.86  100.00
    
T-COFFEE


     1: 6WX6_A          100.00   84.69   99.43   85.71   96.57   80.10   80.50   79.08   88.08   85.79
     2: KAL0609835.1     84.69  100.00   93.14   88.00   92.57   74.35   65.37   75.56   79.91   60.55
     3: NP_000137.2      99.43   93.14  100.00   86.29   97.14   88.57   90.29   87.43   97.14   95.43
     4: NP_001231060.1   85.71   88.00   86.29  100.00   86.86   92.57   89.71   92.57   86.86   82.29
     5: NP_001248136.1   96.57   92.57   97.14   86.86  100.00   89.71   90.29   88.00   98.86   93.14
     6: VCX39883.1       80.10   74.35   88.57   92.57   89.71  100.00   78.60   82.25   77.63   69.43
     7: XP_008567556.1   80.50   65.37   90.29   89.71   90.29   78.60  100.00   71.78   80.80   73.56
     8: XP_032341478.1   79.08   75.56   87.43   92.57   88.00   82.25   71.78  100.00   75.78   64.04
     9: XP_050637471.1   88.08   79.91   97.14   86.86   98.86   77.63   80.80   75.78  100.00   89.82
    10: XP_063457319.1   85.79   60.55   95.43   82.29   93.14   69.43   73.56   64.04   89.82  100.00